Cobb, Alex,502171,2019,60,50,.362,.409,-0.047,.914,.930,-0.016,.517,.550,-0.033,10.95,19.39,-8.44
Carle, Shane,641438,2019,49,31,.297,.317,-0.020,.676,.669,0.007,.457,.467,-0.010,9.64,11.77,-2.13
Santana, Ervin,429722,2019,64,53,.339,.319,0.020,.821,.745,0.076,.471,.466,0.005,9.45,11.70,-2.25
Borucki, Ryan,621366,2019,40,28,.441,.358,0.083,.794,.653,0.141,.535,.463,0.072,10.80,11.49,-0.69
Reininger, Zac,643617,2019,140,107,.361,.346,0.015,.787,.674,0.113,.481,.455,0.026,8.68,10.95,-2.27
Rogers, Josh,642028,2019,69,54,.305,.305,0.000,.712,.710,0.002,.452,.454,-0.002,8.79,10.88,-2.09
Straily, Dan,573185,2019,236,179,.349,.339,0.010,.746,.717,0.029,.464,.453,0.011,9.82,10.81,-0.99
Skoglund, Eric,607215,2019,101,87,.337,.345,-0.008,.618,.674,-0.056,.414,.448,-0.034,9.00,10.49,-1.49
Koch, Matt,571863,2019,96,78,.333,.334,-0.001,.701,.667,0.034,.447,.439,0.008,9.15,9.93,-0.78
Sborz, Josh,622250,2019,40,29,.286,.364,-0.078,.571,.639,-0.068,.375,.438,-0.063,8.00,9.87,-1.87
Despaigne, Odrisamer,628333,2019,68,53,.407,.364,0.043,.678,.590,0.088,.471,.435,0.036,9.45,9.69,-0.24
Jerez, Williams,605301,2019,48,30,.308,.306,0.002,.564,.591,-0.027,.420,.433,-0.013,4.35,9.58,-5.23
Neverauskas, Dovydas,596720,2019,53,34,.349,.316,0.033,.628,.627,0.001,.439,.430,0.009,10.61,9.40,1.21
Kelley, Trevor,665001,2019,40,29,.290,.267,0.023,.613,.599,0.014,.370,.425,-0.055,8.64,9.12,-0.48
Tropeano, Nick,607374,2019,66,48,.316,.329,-0.013,.667,.619,0.048,.429,.424,0.005,9.88,9.06,0.82
Blackburn, Paul,621112,2019,57,44,.380,.353,0.027,.660,.580,0.080,.445,.421,0.024,10.64,8.90,1.74
Ríos, Yacksel,605441,2019,65,42,.314,.292,0.022,.627,.568,0.059,.426,.418,0.008,6.92,8.73,-1.81
Bird, Kyle,613317,2019,65,38,.229,.250,-0.021,.542,.531,0.011,.411,.418,-0.007,7.82,8.73,-0.91
Garrett, Reed,657585,2019,77,53,.381,.285,0.096,.651,.571,0.080,.475,.417,0.058,8.22,8.68,-0.46
Allen, Cody,592102,2019,116,66,.255,.266,-0.011,.628,.647,-0.019,.406,.416,-0.010,6.26,8.63,-2.37
Anderson, Tyler,542881,2019,106,72,.363,.313,0.050,.736,.615,0.121,.464,.413,0.051,11.76,8.47,3.29
Biddle, Jesse,592145,2019,152,100,.339,.319,0.020,.524,.536,-0.012,.411,.411,-0.000,8.36,8.36,-0.00
Eades, Ryan,592280,2019,50,33,.256,.292,-0.036,.465,.590,-0.125,.352,.410,-0.058,2.38,8.31,-5.93
Allen, Logan,663531,2019,127,95,.330,.325,0.005,.550,.545,0.005,.401,.407,-0.006,6.18,8.16,-1.98
Rosenthal, Trevor,572096,2019,85,38,.208,.232,-0.024,.226,.344,-0.118,.366,.407,-0.041,13.50,8.16,5.34
Dull, Ryan,623430,2019,71,48,.410,.295,0.115,.820,.631,0.189,.516,.406,0.110,12.79,8.11,4.68
De Los Santos, Enyel,660853,2019,46,32,.317,.311,0.006,.610,.578,0.032,.414,.405,0.009,7.36,8.06,-0.70
Blach, Ty,621389,2019,139,102,.377,.318,0.059,.672,.558,0.114,.463,.404,0.059,12.00,8.01,3.99
Anderson, Cody,594736,2019,46,28,.333,.288,0.045,.528,.496,0.032,.425,.402,0.023,9.35,7.91,1.44
Jackson, Edwin,429719,2019,336,249,.351,.305,0.046,.686,.585,0.101,.449,.402,0.047,9.58,7.91,1.67
Wright, Kyle,657140,2019,93,61,.304,.298,0.006,.557,.548,0.009,.401,.401,0.000,8.69,7.86,0.83
Hess, David,605276,2019,365,265,.287,.301,-0.014,.609,.609,0.000,.390,.400,-0.010,7.09,7.81,-0.72
Bautista, Gerson,639373,2019,49,33,.333,.303,0.030,.590,.486,0.104,.429,.398,0.031,11.00,7.71,3.29
Parsons, Wes,641149,2019,157,100,.264,.297,-0.033,.455,.500,-0.045,.366,.397,-0.031,5.45,7.67,-2.22
Payano, Pedro,622797,2019,103,70,.302,.316,-0.014,.488,.489,-0.001,.386,.396,-0.010,5.73,7.62,-1.89
Covey, Dylan,592229,2019,280,208,.306,.320,-0.014,.506,.550,-0.044,.373,.396,-0.023,7.98,7.62,0.36
McGowin, Kyle,641851,2019,76,53,.319,.309,0.010,.652,.605,0.047,.411,.396,0.015,10.13,7.62,2.51
Palumbo, Joe,643478,2019,81,50,.300,.281,0.019,.686,.597,0.089,.435,.395,0.040,9.18,7.57,1.61
Oh, Seunghwan,493200,2019,88,66,.354,.327,0.027,.585,.581,0.004,.411,.395,0.016,9.33,7.57,1.76
Vólquez, Edinson,450172,2019,75,53,.317,.310,0.007,.508,.490,0.018,.399,.394,0.005,6.75,7.52,-0.77
Dowdy, Kyle,664871,2019,110,74,.295,.294,0.001,.477,.489,-0.012,.377,.393,-0.016,7.25,7.48,-0.23
Venters, Jonny,458924,2019,49,25,.324,.249,0.075,.595,.529,0.066,.451,.393,0.058,12.38,7.48,4.90
Bergen, Travis,664157,2019,85,57,.240,.299,-0.059,.493,.570,-0.077,.336,.392,-0.056,5.49,7.43,-1.94
Black, Ray,605143,2019,70,42,.233,.265,-0.032,.517,.570,-0.053,.359,.391,-0.032,5.06,7.38,-2.32
Zimmer, Kyle,622092,2019,102,65,.337,.288,0.049,.530,.470,0.060,.422,.391,0.031,10.80,7.38,3.42
Barraclough, Kyle,607457,2019,164,101,.273,.276,-0.003,.518,.559,-0.041,.371,.390,-0.019,5.61,7.34,-1.73
Mejía, Adalberto,606167,2019,145,94,.268,.288,-0.020,.447,.532,-0.085,.351,.390,-0.039,6.61,7.34,-0.73
Yacabonis, Jimmy,642231,2019,193,134,.307,.288,0.019,.554,.549,0.005,.398,.390,0.008,6.80,7.34,-0.54
Romano, Jordan,605447,2019,75,41,.274,.284,-0.010,.484,.490,-0.006,.380,.390,-0.010,7.63,7.34,0.29
Scott, Tayler,605463,2019,93,64,.397,.297,0.100,.679,.481,0.198,.486,.390,0.096,14.33,7.34,6.99
Tinoco, Jesus,622786,2019,161,110,.263,.272,-0.009,.599,.564,0.035,.392,.389,0.003,4.75,7.29,-2.54
Eshelman, Thomas,664045,2019,164,130,.313,.308,0.005,.593,.557,0.036,.389,.389,0.000,6.50,7.29,-0.79
Nelson, Jimmy,519076,2019,105,60,.291,.285,0.006,.547,.490,0.057,.403,.389,0.014,6.95,7.29,-0.34
Ross, Tyson,475115,2019,162,118,.289,.296,-0.007,.493,.539,-0.046,.364,.388,-0.024,6.11,7.24,-1.13
Morejon, Adrian,670970,2019,42,30,.385,.319,0.066,.615,.551,0.064,.435,.387,0.048,10.13,7.20,2.93
Mazza, Chris,607391,2019,74,54,.328,.318,0.010,.500,.492,0.008,.383,.385,-0.002,5.51,7.11,-1.60
Kimbrel, Craig,518886,2019,96,52,.259,.257,0.002,.654,.561,0.093,.410,.385,0.025,6.53,7.11,-0.58
Hoffman, Jeff,656546,2019,315,209,.283,.284,-0.001,.588,.561,0.027,.390,.383,0.007,6.56,7.02,-0.46
Hildenberger, Trevor,657610,2019,88,63,.395,.316,0.079,.579,.482,0.097,.432,.383,0.049,10.47,7.02,3.45
Zeuch, T.J.,643615,2019,99,68,.250,.303,-0.053,.398,.514,-0.116,.316,.381,-0.065,4.76,6.93,-2.17
Kline, Branden,571858,2019,183,128,.275,.297,-0.022,.506,.519,-0.013,.358,.380,-0.022,5.93,6.89,-0.96
Quijada, José,650671,2019,144,70,.239,.246,-0.007,.575,.491,0.084,.398,.379,0.019,5.76,6.84,-1.08
Grace, Matt,594840,2019,206,159,.319,.309,0.010,.560,.564,-0.004,.379,.379,-0.000,6.36,6.84,-0.48
Stewart, Kohl,640464,2019,109,90,.290,.311,-0.021,.520,.527,-0.007,.363,.379,-0.016,6.39,6.84,-0.45
Fillmyer, Heath,641571,2019,109,79,.308,.283,0.025,.560,.504,0.056,.394,.379,0.015,8.06,6.84,1.22
Hellickson, Jeremy,476451,2019,183,132,.294,.289,0.005,.525,.523,0.002,.375,.378,-0.003,6.23,6.80,-0.57
Thornburg, Tyler,592804,2019,86,53,.280,.241,0.039,.600,.580,0.020,.399,.378,0.021,7.71,6.80,0.91
Adams, Austin,542866,2019,80,53,.273,.249,0.024,.530,.521,0.009,.379,.377,0.002,7.02,6.76,0.26
Miller, Shelby,571946,2019,220,157,.317,.278,0.039,.497,.494,0.003,.382,.377,0.005,8.59,6.76,1.83
Alcántara, Victor,622505,2019,182,141,.276,.289,-0.013,.485,.529,-0.044,.348,.376,-0.028,4.85,6.71,-1.86
Carpenter, Ryan,543001,2019,197,157,.339,.305,0.034,.628,.542,0.086,.415,.376,0.039,9.30,6.71,2.59
Montgomery, Mike,543557,2019,402,295,.315,.300,0.015,.535,.516,0.019,.381,.375,0.006,4.95,6.67,-1.72
Flynn, Brian,543169,2019,139,97,.333,.309,0.024,.465,.464,0.001,.379,.375,0.004,5.22,6.67,-1.45
Richard, Clayton,453385,2019,201,157,.298,.290,0.008,.522,.496,0.026,.376,.375,0.001,5.96,6.67,-0.71
Keller, Kyle,664918,2019,46,25,.139,.200,-0.061,.389,.512,-0.123,.316,.374,-0.058,3.38,6.63,-3.25
Wood, Alex,622072,2019,153,113,.291,.307,-0.016,.589,.540,0.049,.381,.374,0.007,5.80,6.63,-0.83
Buchholz, Clay,453329,2019,254,198,.306,.293,0.013,.566,.553,0.013,.376,.374,0.002,6.56,6.63,-0.07
Santiago, Héctor,502327,2019,163,101,.300,.266,0.034,.557,.523,0.034,.395,.374,0.021,6.68,6.63,0.05
López, Yoan,661255,2019,246,187,.232,.303,-0.071,.446,.546,-0.100,.298,.373,-0.075,3.41,6.58,-3.17
Hammer, JD,670456,2019,81,56,.217,.282,-0.065,.377,.477,-0.100,.311,.373,-0.062,3.79,6.58,-2.79
Almonte, Yency,622075,2019,157,113,.279,.287,-0.008,.514,.548,-0.034,.359,.373,-0.014,5.56,6.58,-1.02
Detwiler, Ross,446321,2019,315,239,.305,.286,0.019,.571,.538,0.033,.387,.373,0.014,6.59,6.58,0.01
Staumont, Josh,622251,2019,88,62,.273,.281,-0.008,.506,.521,-0.015,.363,.372,-0.009,3.72,6.54,-2.82
Fedde, Erick,607200,2019,334,258,.276,.303,-0.027,.451,.493,-0.042,.339,.372,-0.033,4.50,6.54,-2.04
Bañuelos, Manny,544365,2019,235,157,.303,.282,0.021,.530,.491,0.039,.388,.372,0.016,6.93,6.54,0.39
Alzolay, Adbert,640470,2019,60,37,.260,.263,-0.003,.540,.472,0.068,.387,.372,0.015,7.30,6.54,0.76
Davis, Austin,656354,2019,98,57,.272,.263,0.009,.531,.463,0.068,.389,.371,0.018,6.53,6.50,0.03
Shepherd, Chandler,605469,2019,84,59,.303,.290,0.013,.566,.517,0.049,.388,.371,0.017,6.63,6.50,0.13
Faria, Jake,607188,2019,95,63,.346,.266,0.080,.617,.467,0.150,.433,.371,0.062,6.75,6.50,0.25
Markel, Parker,571917,2019,110,66,.289,.260,0.029,.567,.468,0.099,.410,.371,0.039,7.77,6.50,1.27
Stewart, Brock,592779,2019,124,94,.339,.272,0.067,.734,.572,0.162,.444,.371,0.073,9.82,6.50,3.32
Rodriguez, Jose,642578,2019,84,60,.233,.275,-0.042,.452,.495,-0.043,.334,.370,-0.036,2.75,6.46,-3.71
Soto, Gregory,642397,2019,276,198,.308,.286,0.022,.496,.492,0.004,.372,.370,0.002,5.77,6.46,-0.69
Sampson, Adrian,592716,2019,563,417,.302,.289,0.013,.568,.535,0.033,.382,.368,0.014,5.89,6.38,-0.49
Wilson, Bryse,669060,2019,93,67,.321,.283,0.038,.654,.511,0.143,.426,.368,0.058,7.20,6.38,0.82
Hartlieb, Geoff,664129,2019,171,115,.351,.298,0.053,.608,.506,0.102,.418,.368,0.050,9.00,6.38,2.62
Harvey, Matt,518774,2019,266,195,.275,.280,-0.005,.528,.501,0.027,.368,.367,0.001,7.09,6.33,0.76
Steckenrider, Drew,608716,2019,58,38,.173,.218,-0.045,.519,.605,-0.086,.318,.366,-0.048,6.28,6.29,-0.01
Romano, Sal,607219,2019,77,52,.328,.258,0.070,.627,.499,0.128,.418,.366,0.052,7.71,6.29,1.42
Irvin, Cole,608344,2019,181,134,.278,.297,-0.019,.457,.516,-0.059,.334,.365,-0.031,5.83,6.25,-0.42
Poyner, Bobby,596074,2019,49,32,.233,.247,-0.014,.465,.533,-0.068,.334,.365,-0.031,6.94,6.25,0.69
Lockett, Walker,621141,2019,103,80,.347,.300,0.047,.611,.510,0.101,.415,.365,0.050,8.34,6.25,2.09
Hernández, Félix,433587,2019,325,237,.291,.276,0.015,.551,.517,0.034,.378,.364,0.014,6.40,6.21,0.19
Warren, Adam,476589,2019,124,86,.257,.267,-0.010,.550,.515,0.035,.366,.363,0.003,5.34,6.17,-0.83
Bolaños, Ronald,671790,2019,88,56,.230,.286,-0.056,.459,.439,0.020,.338,.363,-0.025,5.95,6.17,-0.22
Mayers, Mike,594577,2019,88,60,.276,.281,-0.005,.513,.488,0.025,.366,.363,0.003,6.63,6.17,0.46
Davis, Wade,451584,2019,206,133,.291,.271,0.020,.474,.457,0.017,.374,.363,0.011,8.65,6.17,2.48
DuRapau, Montana,657566,2019,90,57,.342,.295,0.047,.595,.455,0.140,.424,.363,0.061,9.35,6.17,3.18
Ynoa, Gabriel,593679,2019,480,384,.280,.285,-0.005,.536,.535,0.001,.354,.362,-0.008,5.61,6.13,-0.52
Suárez, Andrew,605498,2019,148,108,.302,.273,0.029,.558,.512,0.046,.374,.362,0.012,5.79,6.13,-0.34
McClain, Reggie,596035,2019,95,71,.268,.297,-0.029,.427,.429,-0.002,.344,.362,-0.018,6.00,6.13,-0.13
Leone, Dominic,608678,2019,180,112,.250,.257,-0.007,.481,.528,-0.047,.342,.361,-0.019,5.53,6.09,-0.56
Jurado, Ariel,642558,2019,541,420,.304,.288,0.016,.526,.510,0.016,.362,.361,0.001,5.81,6.09,-0.28
Guerrero, Tayron,594027,2019,216,131,.246,.235,0.011,.415,.439,-0.024,.352,.361,-0.009,6.26,6.09,0.17
Davis, Rookie,606959,2019,51,33,.300,.255,0.045,.625,.472,0.153,.420,.361,0.059,6.75,6.09,0.66
Wright Jr., Mike,605541,2019,147,103,.336,.298,0.038,.565,.486,0.079,.396,.361,0.035,7.98,6.09,1.89
Melville, Tim,543532,2019,143,104,.274,.273,0.001,.532,.517,0.015,.364,.360,0.004,4.86,6.05,-1.19
Kelley, Shawn,518875,2019,205,149,.291,.277,0.014,.550,.547,0.003,.362,.360,0.002,4.94,6.05,-1.11
Lambert, Peter,663567,2019,420,321,.321,.294,0.027,.571,.479,0.092,.395,.360,0.035,7.25,6.05,1.20
Edwards Jr., Carl,605218,2019,78,45,.190,.245,-0.055,.349,.454,-0.105,.304,.360,-0.056,8.47,6.05,2.42
Peters, Dillon,596071,2019,327,241,.290,.277,0.013,.570,.508,0.062,.381,.359,0.022,5.38,6.01,-0.63
Godley, Zack,643327,2019,407,289,.271,.275,-0.004,.469,.478,-0.009,.346,.359,-0.013,5.97,6.01,-0.04
Sparkman, Glenn,642098,2019,606,478,.296,.285,0.011,.527,.509,0.018,.364,.359,0.005,6.02,6.01,0.01
Senzatela, Antonio,622608,2019,582,445,.313,.295,0.018,.506,.477,0.029,.373,.359,0.014,6.71,6.01,0.70
Marvel, James,621086,2019,84,67,.338,.306,0.032,.622,.453,0.169,.423,.359,0.064,8.31,6.01,2.30
McRae, Alex,656725,2019,132,94,.319,.257,0.062,.611,.478,0.133,.424,.359,0.065,8.78,6.01,2.77
García, Edgar,658305,2019,172,101,.266,.242,0.024,.531,.502,0.029,.373,.358,0.015,5.77,5.98,-0.21
López, Jorge,605347,2019,548,387,.286,.266,0.020,.513,.507,0.006,.360,.358,0.002,6.33,5.98,0.35
Zimmermann, Jordan,519455,2019,504,391,.311,.291,0.020,.526,.516,0.010,.363,.358,0.005,6.91,5.98,0.93
Gagnon, Drew,543193,2019,117,91,.315,.256,0.059,.676,.548,0.128,.425,.358,0.067,8.37,5.98,2.39
Williams, Taylor,592865,2019,73,49,.344,.304,0.040,.453,.445,0.008,.373,.358,0.015,9.82,5.98,3.84
Peralta, Wily,503449,2019,176,131,.296,.263,0.033,.487,.491,-0.004,.364,.357,0.007,5.80,5.94,-0.14
Smyly, Drew,592767,2019,514,337,.278,.258,0.020,.558,.507,0.051,.379,.357,0.022,6.24,5.94,0.30
Wilson, Alex,543935,2019,57,35,.313,.272,0.041,.563,.462,0.101,.402,.357,0.045,9.53,5.94,3.59
Winkler, Dan,595465,2019,93,59,.222,.245,-0.023,.481,.507,-0.026,.337,.356,-0.019,4.98,5.90,-0.92
Pounders, Brooks,572044,2019,34,26,.300,.291,0.009,.500,.479,0.021,.364,.356,0.008,6.14,5.90,0.24
Freeland, Kyle,607536,2019,473,353,.296,.284,0.012,.554,.500,0.054,.373,.356,0.017,6.73,5.90,0.83
Margevicius, Nick,676606,2019,263,199,.307,.286,0.021,.546,.496,0.050,.379,.356,0.023,6.79,5.90,0.89
Romero, Fernando,622864,2019,72,42,.317,.266,0.051,.483,.431,0.052,.390,.356,0.034,7.07,5.90,1.17
Wacha, Michael,608379,2019,562,400,.290,.274,0.016,.503,.488,0.015,.360,.355,0.005,4.76,5.86,-1.10
González, Chi Chi,592346,2019,278,198,.246,.270,-0.024,.446,.458,-0.012,.334,.355,-0.021,5.29,5.86,-0.57
Anderson, Shaun,641312,2019,427,317,.291,.290,0.001,.461,.475,-0.014,.345,.355,-0.010,5.44,5.86,-0.42
Martin, Corbin,656686,2019,92,61,.288,.256,0.032,.650,.474,0.176,.419,.355,0.064,5.59,5.86,-0.27
Anderson, Tanner,664196,2019,105,79,.309,.282,0.027,.454,.523,-0.069,.338,.355,-0.017,6.04,5.86,0.18
Newberry, Jake,623470,2019,137,91,.248,.247,0.001,.513,.523,-0.010,.345,.354,-0.009,3.77,5.82,-2.05
Biagini, Joe,607352,2019,281,194,.281,.277,0.004,.514,.495,0.019,.358,.354,0.004,4.59,5.82,-1.23
Ramírez, Neil,519166,2019,112,73,.274,.246,0.028,.558,.503,0.055,.380,.354,0.026,5.40,5.82,-0.42
Adams, Chance,664856,2019,124,88,.351,.264,0.087,.649,.496,0.153,.440,.354,0.086,8.53,5.82,2.71
Chacín, Jhoulys,468504,2019,470,318,.280,.272,0.008,.521,.481,0.040,.365,.353,0.012,6.01,5.78,0.23
Burnes, Corbin,669203,2019,235,145,.330,.271,0.059,.623,.504,0.119,.417,.353,0.064,8.82,5.78,3.04
Alexander, Scott,518397,2019,76,59,.250,.301,-0.051,.412,.455,-0.043,.308,.352,-0.044,3.63,5.75,-2.12
Webster, Allen,543903,2019,52,37,.304,.260,0.044,.500,.518,-0.018,.363,.352,0.011,4.91,5.75,-0.84
Tepera, Ryan,572193,2019,91,69,.250,.274,-0.024,.513,.504,0.009,.329,.352,-0.023,4.98,5.75,-0.77
Dugger, Robert,667498,2019,156,109,.254,.265,-0.011,.469,.471,-0.002,.345,.352,-0.007,5.77,5.75,0.02
Holland, Derek,502706,2019,376,245,.258,.239,0.019,.497,.495,0.002,.356,.352,0.004,6.08,5.75,0.33
Suarez, José,660761,2019,375,260,.304,.267,0.037,.565,.472,0.093,.393,.352,0.041,7.11,5.75,1.36
Gómez, Jeanmar,491646,2019,73,56,.359,.297,0.062,.563,.456,0.107,.403,.352,0.051,8.22,5.75,2.47
Luciano, Elvis,672773,2019,159,105,.275,.253,0.022,.450,.427,0.023,.364,.351,0.013,5.35,5.71,-0.36
Smith, Josh A.,595001,2019,139,99,.281,.261,0.020,.547,.529,0.018,.365,.351,0.014,5.81,5.71,0.10
Springs, Jeffrey,605488,2019,155,99,.295,.274,0.021,.488,.431,0.057,.372,.351,0.021,6.40,5.71,0.69
Barría, Jaime,642545,2019,365,261,.275,.263,0.012,.572,.515,0.057,.370,.351,0.019,6.42,5.71,0.71
Kingham, Nick,592468,2019,259,188,.341,.273,0.068,.598,.486,0.112,.415,.351,0.064,7.28,5.71,1.57
Nogosek, Stephen,668665,2019,34,26,.387,.295,0.092,.645,.511,0.134,.431,.351,0.080,10.80,5.71,5.09
Waguespack, Jacob,621097,2019,335,238,.249,.273,-0.024,.439,.471,-0.032,.325,.350,-0.025,4.38,5.67,-1.29
Ramírez, JC,500724,2019,34,28,.250,.291,-0.041,.531,.503,0.028,.338,.350,-0.012,4.50,5.67,-1.17
Ruiz, José,614179,2019,198,136,.335,.274,0.061,.503,.453,0.050,.388,.350,0.038,5.63,5.67,-0.04
Chen, Wei-Yin,612672,2019,307,221,.311,.281,0.030,.557,.500,0.057,.378,.350,0.028,6.59,5.67,0.92
Leake, Mike,502190,2019,835,671,.286,.289,-0.003,.506,.513,-0.007,.341,.349,-0.008,4.29,5.63,-1.34
Duke, Zach,435043,2019,106,68,.250,.250,0.000,.452,.389,0.063,.360,.349,0.011,5.01,5.63,-0.62
Guerra, Javy,642770,2019,36,27,.219,.244,-0.025,.563,.556,0.007,.335,.349,-0.014,5.19,5.63,-0.44
Barnes, Jacob,606930,2019,160,106,.265,.262,0.003,.478,.453,0.025,.352,.349,0.003,7.44,5.63,1.81
Parker, Blake,453284,2019,255,165,.235,.268,-0.033,.438,.477,-0.039,.315,.348,-0.033,4.55,5.60,-1.05
Nova, Iván,467100,2019,806,635,.303,.291,0.012,.483,.472,0.011,.350,.348,0.002,4.72,5.60,-0.88
Harvey, Joe,642840,2019,84,52,.265,.237,0.028,.441,.359,0.082,.360,.348,0.012,5.00,5.60,-0.60
Clarke, Taylor,664199,2019,369,265,.263,.254,0.009,.550,.507,0.043,.361,.348,0.013,5.31,5.60,-0.29
Ross, Joe,605452,2019,295,201,.291,.262,0.029,.449,.450,-0.001,.355,.348,0.007,5.48,5.60,-0.12
Eickhoff, Jerad,595191,2019,245,174,.261,.248,0.013,.563,.523,0.040,.364,.348,0.016,5.71,5.60,0.11
Jewell, Jake,657228,2019,114,80,.275,.262,0.013,.559,.481,0.078,.371,.348,0.023,6.84,5.60,1.24
Fairbanks, Pete,664126,2019,99,61,.281,.275,0.006,.528,.466,0.062,.368,.348,0.020,6.86,5.60,1.26
Littell, Zack,641793,2019,146,105,.250,.288,-0.038,.412,.485,-0.073,.297,.347,-0.050,2.68,5.56,-2.88
McFarland, T.J.,519008,2019,250,194,.316,.297,0.019,.471,.472,-0.001,.350,.347,0.003,4.82,5.56,-0.74
Neshek, Pat,450212,2019,79,68,.303,.284,0.019,.539,.537,0.002,.351,.347,0.004,5.00,5.56,-0.56
Rodríguez, Dereck,605446,2019,439,330,.271,.276,-0.005,.492,.474,0.018,.347,.347,-0.000,5.64,5.56,0.08
Gibaut, Ian,664139,2019,64,37,.235,.249,-0.014,.373,.396,-0.023,.315,.347,-0.032,5.65,5.56,0.09
Jiménez, Eduardo,621592,2019,49,36,.273,.272,0.001,.432,.463,-0.031,.334,.347,-0.013,5.91,5.56,0.35
Miller, Justin,502522,2019,65,48,.276,.250,0.026,.534,.505,0.029,.367,.346,0.021,4.02,5.52,-1.50
Brooks, Aaron,605156,2019,482,356,.271,.264,0.007,.493,.478,0.015,.348,.346,0.002,5.65,5.52,0.13
Flexen, Chris,623167,2019,70,47,.268,.249,0.019,.429,.404,0.025,.350,.346,0.004,6.59,5.52,1.07
Hall, Matt,664180,2019,113,70,.289,.250,0.039,.464,.456,0.008,.364,.346,0.018,7.71,5.52,2.19
Alaniz, R.J.,595798,2019,71,51,.302,.270,0.032,.524,.453,0.071,.370,.346,0.024,9.19,5.52,3.67
Plesac, Zach,668676,2019,475,344,.237,.271,-0.034,.437,.474,-0.037,.315,.345,-0.030,3.81,5.49,-1.68
Blevins, Jerry,460283,2019,141,86,.207,.252,-0.045,.380,.462,-0.082,.290,.345,-0.055,3.90,5.49,-1.59
Peralta, Wandy,593974,2019,172,122,.265,.265,0.000,.523,.471,0.052,.349,.345,0.004,5.67,5.49,0.18
Stock, Robert,476594,2019,56,32,.298,.234,0.064,.489,.429,0.060,.386,.345,0.041,10.13,5.49,4.64
Anderson, Brett,474463,2019,743,600,.265,.280,-0.015,.408,.475,-0.067,.308,.344,-0.036,3.89,5.45,-1.56
Duplantier, Jon,641541,2019,163,106,.283,.256,0.027,.391,.434,-0.043,.339,.344,-0.005,4.42,5.45,-1.03
Otero, Dan,519096,2019,131,111,.331,.293,0.038,.528,.500,0.028,.368,.344,0.024,4.85,5.45,-0.60
Avilán, Luis,501593,2019,141,94,.266,.276,-0.010,.427,.429,-0.002,.338,.344,-0.006,5.06,5.45,-0.39
Pivetta, Nick,601713,2019,421,289,.278,.262,0.016,.516,.463,0.053,.359,.344,0.015,5.38,5.45,-0.07
Phillips, Evan,623465,2019,140,75,.286,.251,0.035,.411,.387,0.024,.361,.344,0.017,6.43,5.45,0.98
Minter, A.J.,621345,2019,147,88,.298,.260,0.038,.446,.436,0.010,.360,.344,0.016,7.06,5.45,1.61
Smeltzer, Devin,656970,2019,202,151,.265,.279,-0.014,.466,.486,-0.020,.326,.343,-0.017,3.86,5.41,-1.55
Nicasio, Juan,504379,2019,217,149,.298,.282,0.016,.440,.441,-0.001,.339,.343,-0.004,4.75,5.41,-0.66
Archer, Chris,502042,2019,526,324,.249,.255,-0.006,.461,.470,-0.009,.334,.343,-0.009,5.19,5.41,-0.22
Junis, Jakob,596001,2019,771,537,.276,.268,0.008,.468,.477,-0.009,.340,.343,-0.003,5.24,5.41,-0.17
Armstrong, Shawn,542888,2019,271,175,.282,.253,0.029,.449,.448,0.001,.347,.343,0.004,5.74,5.41,0.33
Pannone, Thomas,623381,2019,325,219,.255,.248,0.007,.455,.464,-0.009,.335,.343,-0.008,6.16,5.41,0.75
Conley, Adam,543045,2019,283,198,.308,.272,0.036,.522,.461,0.061,.373,.343,0.030,6.53,5.41,1.12
Noesí, Hector,456051,2019,124,85,.280,.243,0.037,.589,.471,0.118,.390,.343,0.047,8.46,5.41,3.05
Pérez, Cionel,672335,2019,40,31,.289,.286,0.003,.579,.497,0.082,.371,.343,0.028,10.00,5.41,4.59
Kelly, Merrill,518876,2019,777,558,.260,.269,-0.009,.447,.491,-0.044,.318,.342,-0.024,4.42,5.38,-0.96
Agrazal, Dario,642607,2019,321,252,.283,.269,0.014,.497,.472,0.025,.354,.342,0.012,4.91,5.38,-0.47
Wojciechowski, Asher,592879,2019,361,244,.248,.247,0.001,.483,.483,0.000,.339,.342,-0.003,4.92,5.38,-0.46
Beede, Tyler,595881,2019,523,359,.271,.261,0.010,.462,.469,-0.007,.339,.342,-0.003,5.08,5.38,-0.30
Sanchez, Aaron,592717,2019,605,411,.278,.259,0.019,.457,.433,0.024,.352,.342,0.010,5.89,5.38,0.51
Stumpf, Daniel,621385,2019,135,92,.302,.265,0.037,.500,.469,0.031,.362,.341,0.021,4.34,5.34,-1.00
Cashner, Andrew,488768,2019,636,466,.253,.260,-0.007,.418,.462,-0.044,.317,.341,-0.024,4.68,5.34,-0.66
Bradford, Chasen,607473,2019,69,54,.266,.273,-0.007,.594,.504,0.090,.362,.341,0.021,4.86,5.34,-0.48
Festa, Matthew,670036,2019,101,65,.241,.231,0.010,.530,.454,0.076,.352,.341,0.011,5.64,5.34,0.30
LeBlanc, Wade,453281,2019,532,408,.291,.277,0.014,.534,.487,0.047,.359,.341,0.018,5.71,5.34,0.37
Shoemaker, Matt,533167,2019,108,74,.163,.247,-0.084,.306,.486,-0.180,.238,.340,-0.102,1.57,5.31,-3.74
Collins, Tim,525768,2019,38,31,.265,.280,-0.015,.441,.453,-0.012,.316,.340,-0.024,3.12,5.31,-2.19
Beeks, Jalen,656222,2019,464,326,.281,.271,0.010,.435,.442,-0.007,.337,.340,-0.003,4.31,5.31,-1.00
Sipp, Tony,448609,2019,92,64,.241,.250,-0.009,.329,.404,-0.075,.282,.340,-0.058,4.71,5.31,-0.60
Burke, Brock,656271,2019,120,93,.286,.260,0.026,.514,.465,0.049,.367,.340,0.027,7.43,5.31,2.12
Reid-Foley, Sean,656887,2019,150,99,.262,.243,0.019,.444,.417,0.027,.352,.339,0.013,4.26,5.27,-1.01
Johnson, DJ,597113,2019,116,70,.247,.235,0.012,.355,.392,-0.037,.328,.339,-0.011,5.04,5.27,-0.23
Ureña, José,570632,2019,369,279,.293,.280,0.013,.473,.465,0.008,.342,.339,0.003,5.21,5.27,-0.06
Johnson, Brian,598271,2019,193,139,.315,.254,0.061,.536,.458,0.078,.388,.339,0.049,6.02,5.27,0.75
Sobotka, Chad,656977,2019,134,74,.250,.229,0.021,.446,.413,0.033,.354,.339,0.015,6.21,5.27,0.94
Buchter, Ryan,488748,2019,198,123,.251,.255,-0.004,.455,.451,0.004,.334,.338,-0.004,2.98,5.24,-2.26
Chavez, Jesse,445926,2019,337,238,.267,.268,-0.001,.463,.471,-0.008,.331,.338,-0.007,4.85,5.24,-0.39
Williams, Trevor,592866,2019,636,472,.284,.268,0.016,.513,.474,0.039,.351,.338,0.013,5.38,5.24,0.14
Strickland, Hunter,519326,2019,105,76,.237,.247,-0.010,.495,.479,0.016,.336,.338,-0.002,5.55,5.24,0.31
Mills, Alec,621219,2019,152,92,.231,.246,-0.015,.396,.448,-0.052,.311,.337,-0.026,2.75,5.20,-2.45
Duffy, Danny,518633,2019,555,386,.251,.258,-0.007,.438,.465,-0.027,.323,.337,-0.014,4.34,5.20,-0.86
López, Reynaldo,625643,2019,809,567,.278,.257,0.021,.491,.467,0.024,.349,.337,0.012,5.38,5.20,0.18
Velázquez, Hector,584171,2019,247,167,.275,.253,0.022,.460,.439,0.021,.348,.337,0.011,5.43,5.20,0.23
Davies, Zach,605200,2019,672,516,.256,.272,-0.016,.416,.459,-0.043,.309,.336,-0.027,3.55,5.17,-1.62
Hardy, Blaine,543278,2019,182,140,.232,.248,-0.016,.470,.479,-0.009,.308,.336,-0.028,4.47,5.17,-0.70
Webb, Logan,657277,2019,174,122,.278,.282,-0.004,.456,.446,0.010,.336,.336,-0.000,5.22,5.17,0.05
Norwood, James,656803,2019,44,25,.250,.220,0.030,.417,.393,0.024,.351,.335,0.016,2.89,5.13,-2.24
Rodriguez, Jefry,622446,2019,203,149,.270,.257,0.013,.427,.446,-0.019,.325,.335,-0.010,4.63,5.13,-0.50
Shaw, Bryan,543766,2019,311,219,.251,.257,-0.006,.465,.435,0.030,.335,.335,0.000,5.38,5.13,0.25
Kikuchi, Yusei,579328,2019,721,549,.295,.268,0.027,.539,.462,0.077,.368,.335,0.033,5.46,5.13,0.33
Smith, Burch,572143,2019,106,71,.289,.244,0.045,.467,.436,0.031,.361,.335,0.026,5.48,5.13,0.35
Kluber, Corey,446372,2019,168,112,.297,.253,0.044,.453,.448,0.005,.353,.335,0.018,5.80,5.13,0.67
Fulmer, Carson,608334,2019,133,85,.243,.225,0.018,.411,.364,0.047,.338,.335,0.003,6.26,5.13,1.13
Lyons, Tyler,544928,2019,54,31,.271,.248,0.023,.604,.492,0.112,.380,.335,0.045,6.39,5.13,1.26
Shawaryn, Mike,642067,2019,103,56,.310,.202,0.108,.560,.433,0.127,.414,.335,0.079,9.74,5.13,4.61
Hudson, Dakota,641712,2019,757,526,.245,.259,-0.014,.403,.418,-0.015,.316,.334,-0.018,3.35,5.10,-1.75
Hernández, Jonathan,642546,2019,78,46,.219,.235,-0.016,.375,.396,-0.021,.317,.334,-0.017,4.32,5.10,-0.78
Brigham, Jeff,656257,2019,161,107,.248,.260,-0.012,.448,.471,-0.023,.318,.334,-0.016,4.46,5.10,-0.64
Arrieta, Jake,453562,2019,594,426,.283,.263,0.020,.448,.443,0.005,.339,.334,0.005,4.64,5.10,-0.46
Mayza, Tim,641835,2019,227,143,.230,.251,-0.021,.418,.433,-0.015,.313,.333,-0.020,4.91,5.06,-0.15
Carrasco, Carlos,471911,2019,341,227,.288,.263,0.025,.542,.493,0.049,.356,.333,0.023,5.29,5.06,0.23
Fernández, Junior,658551,2019,54,28,.205,.230,-0.025,.341,.364,-0.023,.315,.333,-0.018,5.40,5.06,0.34
Ramos, Edubray,591693,2019,69,50,.311,.234,0.077,.623,.478,0.145,.413,.333,0.080,5.40,5.06,0.34
Gustave, Jandel,594311,2019,99,76,.209,.285,-0.076,.291,.418,-0.127,.248,.332,-0.084,2.96,5.03,-2.07
Lester, Jon,452657,2019,764,542,.294,.269,0.025,.470,.450,0.020,.344,.332,0.012,4.46,5.03,-0.57
Howard, Sam,607572,2019,91,55,.276,.244,0.032,.513,.393,0.120,.379,.332,0.047,6.63,5.03,1.60
Ferguson, Caleb,657571,2019,204,117,.234,.242,-0.008,.419,.400,0.019,.331,.331,-0.000,4.84,4.99,-0.15
Gibson, Kyle,502043,2019,706,483,.275,.266,0.009,.443,.434,0.009,.332,.331,0.001,4.84,4.99,-0.15
Sherfy, Jimmie,642073,2019,83,55,.303,.268,0.035,.513,.454,0.059,.364,.331,0.033,5.89,4.99,0.90
VerHagen, Drew,572403,2019,258,180,.304,.256,0.048,.504,.424,0.080,.370,.331,0.039,5.90,4.99,0.91
McGee, Jake,459429,2019,180,131,.288,.253,0.035,.564,.478,0.086,.368,.330,0.038,4.35,4.96,-0.61
Roark, Tanner,543699,2019,722,499,.275,.260,0.015,.467,.451,0.016,.340,.330,0.010,4.35,4.96,-0.61
Norris, Daniel,596057,2019,610,443,.275,.262,0.013,.473,.470,0.003,.334,.330,0.004,4.49,4.96,-0.47
Swarzak, Anthony,461872,2019,234,155,.251,.248,0.003,.454,.453,0.001,.332,.330,0.002,4.56,4.96,-0.40
Mengden, Daniel,596043,2019,260,191,.254,.256,-0.002,.422,.429,-0.007,.322,.330,-0.008,4.83,4.96,-0.13
Treinen, Blake,595014,2019,266,169,.257,.240,0.017,.416,.409,0.007,.336,.330,0.006,4.91,4.96,-0.05
Velasquez, Vince,592826,2019,516,333,.262,.244,0.018,.498,.460,0.038,.347,.330,0.017,4.91,4.96,-0.05
Brault, Steven,643230,2019,505,344,.265,.250,0.015,.438,.428,0.010,.338,.330,0.008,5.16,4.96,0.20
Menez, Conner,669214,2019,73,39,.220,.196,0.024,.458,.392,0.066,.341,.330,0.011,5.29,4.96,0.33
Eovaldi, Nathan,543135,2019,302,194,.276,.235,0.041,.510,.416,0.094,.367,.330,0.037,5.99,4.96,1.03
Bashlor, Tyler,641341,2019,103,66,.250,.216,0.034,.488,.428,0.060,.357,.330,0.027,6.95,4.96,1.99
García, Luis,472610,2019,278,183,.257,.237,0.020,.443,.420,0.023,.342,.329,0.013,4.35,4.93,-0.58
Swanson, Erik,657024,2019,245,179,.243,.250,-0.007,.517,.490,0.027,.328,.329,-0.001,5.74,4.93,0.81
Fiers, Mike,571666,2019,754,566,.243,.253,-0.010,.408,.451,-0.043,.303,.328,-0.025,3.90,4.89,-0.99
Cortes, Nestor,641482,2019,298,200,.281,.254,0.027,.494,.446,0.048,.353,.328,0.025,5.67,4.89,0.78
Ramírez, Yefry,606162,2019,119,72,.309,.234,0.075,.515,.369,0.146,.396,.328,0.068,7.40,4.89,2.51
Gray, Jon,592351,2019,637,427,.259,.268,-0.009,.437,.427,0.010,.323,.327,-0.004,3.84,4.86,-1.02
Elías, Roenis,606273,2019,216,150,.236,.248,-0.012,.426,.454,-0.028,.306,.327,-0.021,3.96,4.86,-0.90
Thornton, Trent,663423,2019,677,462,.259,.255,0.004,.439,.428,0.011,.325,.327,-0.002,4.84,4.86,-0.02
Happ, J.A.,457918,2019,678,482,.258,.254,0.004,.469,.454,0.015,.328,.327,0.001,4.91,4.86,0.05
Jeffress, Jeremy,502026,2019,225,157,.269,.259,0.010,.393,.422,-0.029,.319,.327,-0.008,5.02,4.86,0.16
Cueto, Johnny,456501,2019,67,45,.196,.213,-0.017,.446,.433,0.013,.318,.327,-0.009,5.06,4.86,0.20
Guerrieri, Taylor,605260,2019,123,72,.263,.212,0.051,.455,.353,0.102,.372,.327,0.045,5.81,4.86,0.95
Cahill, Trevor,502239,2019,455,329,.273,.251,0.022,.537,.437,0.100,.364,.327,0.037,5.98,4.86,1.12
Teheran, Julio,527054,2019,754,494,.229,.239,-0.010,.389,.414,-0.025,.309,.326,-0.017,3.81,4.83,-1.02
Gearrin, Cory,518715,2019,241,165,.261,.252,0.009,.384,.400,-0.016,.318,.326,-0.008,4.07,4.83,-0.76
Keller, Brad,641745,2019,709,508,.247,.253,-0.006,.381,.411,-0.030,.307,.326,-0.019,4.19,4.83,-0.64
Foltynewicz, Mike,592314,2019,491,347,.244,.253,-0.009,.460,.452,0.008,.319,.326,-0.007,4.54,4.83,-0.29
Turnbull, Spencer,605513,2019,656,435,.267,.249,0.018,.413,.417,-0.004,.329,.326,0.003,4.61,4.83,-0.22
Sheffield, Justus,656954,2019,168,110,.303,.244,0.059,.490,.403,0.087,.373,.326,0.047,5.50,4.83,0.67
Porcello, Rick,519144,2019,768,573,.278,.256,0.022,.483,.471,0.012,.338,.326,0.012,5.52,4.83,0.69
Holmes, Clay,605280,2019,240,138,.232,.221,0.011,.366,.354,0.012,.330,.326,0.004,5.58,4.83,0.75
Colomé, Alex,517008,2019,249,170,.191,.241,-0.050,.350,.439,-0.089,.261,.325,-0.064,2.80,4.79,-1.99
Kinley, Tyler,641755,2019,221,138,.238,.235,0.003,.359,.366,-0.007,.318,.325,-0.007,3.65,4.79,-1.14
Vincent, Nick,543883,2019,194,131,.267,.259,0.008,.460,.451,0.009,.324,.325,-0.001,4.43,4.79,-0.36
Fry, Jace,605240,2019,251,137,.218,.222,-0.004,.371,.367,0.004,.321,.325,-0.004,4.75,4.79,-0.04
Law, Derek,571882,2019,285,175,.256,.240,0.016,.437,.385,0.052,.342,.325,0.017,4.90,4.79,0.11
Erlin, Robbie,572362,2019,251,183,.312,.271,0.041,.437,.438,-0.001,.336,.325,0.011,5.37,4.79,0.58
Maton, Phil,664208,2019,163,116,.259,.265,-0.006,.483,.421,0.062,.338,.325,0.013,6.14,4.79,1.35
Samardzija, Jeff,502188,2019,740,545,.225,.251,-0.026,.411,.464,-0.053,.289,.324,-0.035,3.52,4.76,-1.24
Plutko, Adam,592644,2019,462,354,.267,.264,0.003,.488,.461,0.027,.333,.324,0.009,4.86,4.76,0.10
Cabrera, Génesis,650893,2019,99,67,.274,.241,0.033,.393,.398,-0.005,.332,.324,0.008,4.87,4.76,0.11
Allard, Kolby,663465,2019,208,153,.281,.275,0.006,.389,.392,-0.003,.321,.324,-0.003,4.96,4.76,0.20
Chatwood, Tyler,543022,2019,324,208,.232,.258,-0.026,.354,.363,-0.009,.302,.323,-0.021,3.76,4.73,-0.97
Lakins Sr., Travis,664042,2019,102,73,.258,.247,0.011,.404,.406,-0.002,.311,.323,-0.012,3.86,4.73,-0.87
Matz, Steven,571927,2019,691,479,.260,.253,0.007,.454,.449,0.005,.325,.323,0.002,4.21,4.73,-0.52
Vargas, Jason,450306,2019,649,456,.249,.240,0.009,.424,.439,-0.015,.318,.323,-0.005,4.51,4.73,-0.22
Márquez, Germán,608566,2019,721,506,.259,.266,-0.007,.441,.452,-0.011,.311,.323,-0.012,4.76,4.73,0.03
Alvarado, José,621237,2019,146,80,.254,.230,0.024,.360,.358,0.002,.328,.323,0.005,4.80,4.73,0.07
Alexander, Tyler,641302,2019,235,179,.302,.269,0.033,.507,.477,0.030,.347,.323,0.024,4.86,4.73,0.13
McKay, David,641853,2019,115,63,.206,.228,-0.022,.351,.387,-0.036,.299,.323,-0.024,5.47,4.73,0.74
Toussaint, Touki,657053,2019,198,120,.270,.223,0.047,.417,.376,0.041,.352,.323,0.029,5.62,4.73,0.89
Familia, Jeurys,544727,2019,274,166,.274,.234,0.040,.438,.380,0.058,.356,.323,0.033,5.70,4.73,0.97
Cease, Dylan,656302,2019,326,208,.271,.241,0.030,.486,.421,0.065,.353,.323,0.030,5.79,4.73,1.06
Loáisiga, Jonathan,642528,2019,139,85,.263,.238,0.025,.475,.410,0.065,.342,.322,0.020,4.55,4.70,-0.15
Kay, Anthony,641743,2019,63,44,.263,.268,-0.005,.316,.394,-0.078,.290,.322,-0.032,5.79,4.70,1.09
Bettis, Chad,518452,2019,287,219,.301,.265,0.036,.498,.415,0.083,.361,.322,0.039,6.08,4.70,1.38
Thorpe, Lewis,626929,2019,124,83,.336,.267,0.069,.531,.436,0.095,.384,.322,0.062,6.18,4.70,1.48
Keuchel, Dallas,572971,2019,487,348,.265,.252,0.013,.426,.413,0.013,.327,.321,0.006,3.75,4.66,-0.91
Magill, Matt,543483,2019,229,143,.251,.255,-0.004,.438,.443,-0.005,.316,.321,-0.005,4.09,4.66,-0.57
Brewer, Colten,605155,2019,253,165,.277,.243,0.034,.427,.369,0.058,.346,.321,0.025,4.12,4.66,-0.54
Peña, Félix,570240,2019,407,266,.219,.246,-0.027,.402,.423,-0.021,.297,.321,-0.024,4.58,4.66,-0.08
Morin, Mike,573046,2019,210,170,.238,.266,-0.028,.383,.438,-0.055,.287,.321,-0.034,4.62,4.66,-0.04
Strahm, Matt,621381,2019,487,340,.267,.254,0.013,.477,.474,0.003,.326,.321,0.005,4.71,4.66,0.05
Martin, Brett,656685,2019,280,198,.280,.264,0.016,.416,.417,-0.001,.315,.321,-0.006,4.76,4.66,0.10
McKay, Brendan,656713,2019,216,144,.268,.254,0.014,.475,.445,0.030,.333,.321,0.012,5.14,4.66,0.48
Gausman, Kevin,592332,2019,451,300,.282,.254,0.028,.454,.443,0.011,.332,.321,0.011,5.72,4.66,1.06
Watson, Tony,453265,2019,231,173,.264,.260,0.004,.439,.444,-0.005,.320,.320,-0.000,4.17,4.63,-0.46
Wainwright, Adam,425794,2019,745,520,.273,.256,0.017,.440,.417,0.023,.330,.320,0.010,4.19,4.63,-0.44
Smith, Caleb,592761,2019,646,412,.223,.223,0.000,.454,.455,-0.001,.315,.320,-0.005,4.52,4.63,-0.11
Wang, Wei-Chung,623913,2019,129,96,.239,.232,0.007,.389,.418,-0.029,.309,.319,-0.010,3.77,4.60,-0.83
Alcantara, Sandy,645261,2019,838,598,.241,.242,-0.001,.397,.421,-0.024,.308,.319,-0.011,3.88,4.60,-0.72
Skaggs, Tyler,572140,2019,335,227,.242,.256,-0.014,.381,.420,-0.039,.297,.319,-0.022,4.29,4.60,-0.31
Ray, Robbie,592662,2019,747,423,.234,.225,0.009,.441,.424,0.017,.322,.319,0.003,4.34,4.60,-0.26
Brasier, Ryan,518489,2019,241,156,.238,.241,-0.003,.411,.435,-0.024,.306,.319,-0.013,4.85,4.60,0.25
Quantrill, Cal,615698,2019,443,323,.260,.261,-0.001,.430,.434,-0.004,.311,.319,-0.008,5.16,4.60,0.56
Wieck, Brad,623364,2019,148,83,.214,.220,-0.006,.450,.440,0.010,.314,.319,-0.005,5.71,4.60,1.11
Valdez, Framber,664285,2019,329,213,.267,.238,0.029,.419,.358,0.061,.342,.319,0.023,5.86,4.60,1.26
Young, Alex,622065,2019,349,247,.229,.247,-0.018,.413,.432,-0.019,.298,.318,-0.020,3.56,4.57,-1.01
Musgrave, Harrison,643466,2019,47,28,.231,.249,-0.018,.308,.385,-0.077,.282,.318,-0.036,3.60,4.57,-0.97
Guilbeau, Taylor,607555,2019,51,40,.213,.261,-0.048,.383,.441,-0.058,.272,.318,-0.046,3.65,4.57,-0.92
Hamels, Cole,430935,2019,617,410,.260,.243,0.017,.406,.411,-0.005,.316,.318,-0.002,3.81,4.57,-0.76
Sandoval, Patrick,663776,2019,169,107,.240,.244,-0.004,.425,.391,0.034,.322,.318,0.004,5.03,4.57,0.46
Sadzeck, Connor,592712,2019,107,63,.200,.210,-0.010,.344,.391,-0.047,.296,.317,-0.021,2.66,4.54,-1.88
Bradley, Archie,605151,2019,317,189,.246,.243,0.003,.371,.378,-0.007,.311,.317,-0.006,3.52,4.54,-1.02
Bumgarner, Madison,518516,2019,844,588,.245,.252,-0.007,.426,.457,-0.031,.300,.317,-0.017,3.90,4.54,-0.64
Ramirez, Nick,598286,2019,348,238,.247,.242,0.005,.425,.420,0.005,.313,.317,-0.004,4.07,4.54,-0.47
Herrera, Kelvin,516969,2019,235,158,.288,.259,0.029,.462,.425,0.037,.339,.317,0.022,6.14,4.54,1.60
Chirinos, Yonny,630023,2019,530,385,.225,.253,-0.028,.414,.448,-0.034,.286,.316,-0.030,3.85,4.51,-0.66
Shafer, Justin,596101,2019,182,117,.265,.232,0.033,.484,.403,0.081,.355,.316,0.039,3.86,4.51,-0.65
Rainey, Tanner,663432,2019,214,98,.188,.193,-0.005,.347,.345,0.002,.310,.316,-0.006,3.91,4.51,-0.60
Mikolas, Miles,571945,2019,764,576,.272,.266,0.006,.449,.430,0.019,.319,.316,0.003,4.16,4.51,-0.35
López, Pablo,641154,2019,469,336,.261,.251,0.010,.435,.427,0.008,.318,.316,0.002,5.09,4.51,0.58
Boxberger, Brad,502202,2019,122,77,.243,.225,0.018,.398,.361,0.037,.326,.316,0.010,5.40,4.51,0.89
Cole, Taylor,518566,2019,231,155,.286,.274,0.012,.399,.373,0.026,.325,.316,0.009,5.92,4.51,1.41
Bednar, David,670280,2019,48,29,.250,.229,0.021,.550,.431,0.119,.356,.316,0.040,6.55,4.51,2.04
Wittgren, Nick,621295,2019,231,156,.218,.246,-0.028,.407,.453,-0.046,.283,.315,-0.032,2.81,4.47,-1.66
Petricka, Jake,502593,2019,36,27,.207,.235,-0.028,.310,.293,0.017,.277,.315,-0.038,3.38,4.47,-1.09
Phelps, David,475479,2019,147,93,.242,.233,0.009,.422,.400,0.022,.320,.315,0.005,3.41,4.47,-1.06
Hembree, Heath,592390,2019,173,106,.224,.215,0.009,.454,.435,0.019,.322,.315,0.007,3.86,4.47,-0.61
Jackson, Jay,543351,2019,132,65,.202,.204,-0.002,.404,.403,0.001,.309,.315,-0.006,4.45,4.47,-0.02
Suero, Wander,593833,2019,296,186,.242,.257,-0.015,.352,.404,-0.052,.286,.315,-0.029,4.54,4.47,0.07
Quintana, José,500779,2019,745,544,.282,.262,0.020,.440,.418,0.022,.320,.315,0.005,4.68,4.47,0.21
Brach, Brad,542960,2019,242,150,.278,.249,0.029,.405,.368,0.037,.332,.315,0.017,5.47,4.47,1.00
Tarpley, Stephen,605501,2019,120,69,.330,.235,0.095,.563,.373,0.190,.413,.315,0.098,6.93,4.47,2.46
Crichton, Stefan,592233,2019,123,80,.204,.253,-0.049,.310,.421,-0.111,.250,.314,-0.064,3.56,4.44,-0.88
Germán, Domingo,593334,2019,594,397,.228,.240,-0.012,.442,.440,0.002,.305,.314,-0.009,4.03,4.44,-0.41
Sneed, Cy,605482,2019,93,65,.299,.253,0.046,.529,.446,0.083,.360,.314,0.046,5.48,4.44,1.04
Harper, Ryne,607560,2019,225,163,.257,.259,-0.002,.419,.446,-0.027,.296,.313,-0.017,3.81,4.41,-0.60
Stanek, Ryne,592773,2019,327,199,.214,.221,-0.007,.382,.412,-0.030,.293,.313,-0.020,3.97,4.41,-0.44
Osich, Josh,592612,2019,272,196,.242,.250,-0.008,.469,.450,0.019,.310,.313,-0.003,4.66,4.41,0.25
Bard, Luke,572703,2019,199,141,.228,.244,-0.016,.394,.418,-0.024,.294,.313,-0.019,4.78,4.41,0.37
Scott, Tanner,656945,2019,122,64,.277,.213,0.064,.446,.362,0.084,.363,.313,0.050,4.78,4.41,0.37
Cishek, Steve,518553,2019,267,174,.210,.226,-0.016,.328,.364,-0.036,.284,.312,-0.028,2.95,4.38,-1.43
Tomlin, Josh,458708,2019,320,262,.267,.267,0.000,.463,.462,0.001,.308,.312,-0.004,3.74,4.38,-0.64
Taillon, Jameson,592791,2019,158,118,.231,.260,-0.029,.401,.431,-0.030,.284,.312,-0.028,4.10,4.38,-0.28
Sabathia, CC,282332,2019,468,318,.265,.240,0.025,.512,.415,0.097,.351,.312,0.039,4.95,4.38,0.57
Hernandez, David,456696,2019,198,124,.306,.249,0.057,.538,.417,0.121,.374,.312,0.062,8.02,4.38,3.64
Heaney, Andrew,571760,2019,409,254,.251,.230,0.021,.454,.428,0.026,.325,.311,0.014,4.91,4.35,0.56
Wilkerson, Aaron,658792,2019,80,60,.357,.251,0.106,.586,.394,0.192,.417,.311,0.106,7.31,4.35,2.96
Álvarez, José,501625,2019,255,185,.284,.264,0.020,.431,.411,0.020,.319,.310,0.009,3.36,4.32,-0.96
Lauer, Eric,641778,2019,651,457,.268,.245,0.023,.430,.416,0.014,.321,.310,0.011,4.45,4.32,0.13
Bailey, Homer,456701,2019,696,490,.256,.253,0.003,.403,.404,-0.001,.307,.310,-0.003,4.57,4.32,0.25
Pomeranz, Drew,519141,2019,455,270,.261,.225,0.036,.467,.408,0.059,.340,.310,0.030,4.85,4.32,0.53
Rodney, Fernando,407845,2019,210,133,.269,.229,0.040,.396,.370,0.026,.332,.310,0.022,5.66,4.32,1.34
Tate, Dillon,622253,2019,93,59,.231,.224,0.007,.385,.347,0.038,.319,.310,0.009,6.43,4.32,2.11
Weaver, Luke,596133,2019,260,174,.227,.253,-0.026,.368,.426,-0.058,.274,.309,-0.035,2.94,4.29,-1.35
Valdez, Phillips,570488,2019,75,46,.270,.219,0.051,.444,.364,0.080,.351,.309,0.042,3.94,4.29,-0.35
Richards, Trevor,670950,2019,580,392,.249,.232,0.017,.422,.405,0.017,.316,.309,0.007,4.06,4.29,-0.23
Anderson, Chase,502624,2019,592,410,.240,.235,0.005,.449,.405,0.044,.320,.309,0.011,4.21,4.29,-0.08
Tanaka, Masahiro,547888,2019,759,568,.261,.256,0.005,.450,.424,0.026,.314,.309,0.005,4.45,4.29,0.16
Yamamoto, Jordan,657141,2019,325,202,.191,.227,-0.036,.355,.380,-0.025,.281,.309,-0.028,4.46,4.29,0.17
Montero, Rafael,606160,2019,113,72,.217,.229,-0.012,.406,.454,-0.048,.283,.308,-0.025,2.48,4.26,-1.78
Bass, Anthony,542914,2019,189,128,.179,.241,-0.062,.304,.381,-0.077,.241,.308,-0.067,3.56,4.26,-0.70
Sánchez, Aníbal,434671,2019,712,516,.236,.246,-0.010,.406,.415,-0.009,.296,.308,-0.012,3.85,4.26,-0.41
Nola, Aaron,605400,2019,852,532,.233,.232,0.001,.393,.391,0.002,.304,.308,-0.004,3.87,4.26,-0.39
Perdomo, Luis,606131,2019,296,221,.252,.259,-0.007,.372,.407,-0.035,.289,.308,-0.019,4.00,4.26,-0.26
Price, David,456034,2019,458,295,.258,.241,0.017,.441,.423,0.018,.319,.308,0.011,4.28,4.26,0.02
Rosario, Randy,600968,2019,63,45,.259,.248,0.011,.431,.405,0.026,.318,.308,0.010,4.40,4.26,0.14
Miller, Andrew,453192,2019,236,131,.225,.207,0.018,.400,.371,0.029,.320,.308,0.012,4.45,4.26,0.19
Bauer, Trevor,545333,2019,911,557,.230,.221,0.009,.429,.397,0.032,.316,.308,0.008,4.48,4.26,0.22
Farmer, Buck,571656,2019,288,186,.247,.228,0.019,.422,.416,0.006,.312,.307,0.005,3.72,4.23,-0.51
Minaya, Juan,573668,2019,126,85,.277,.234,0.043,.500,.390,0.110,.361,.307,0.054,3.90,4.23,-0.33
Buttrey, Ty,621142,2019,309,197,.247,.241,0.006,.376,.392,-0.016,.298,.307,-0.009,3.98,4.23,-0.25
Cimber, Adam,643256,2019,244,180,.257,.250,0.007,.394,.387,0.007,.306,.307,-0.001,4.45,4.23,0.22
McHugh, Collin,543521,2019,317,202,.221,.232,-0.011,.432,.406,0.026,.308,.307,0.001,4.70,4.23,0.47
Bundy, Dylan,605164,2019,700,474,.256,.237,0.019,.462,.402,0.060,.329,.307,0.022,4.79,4.23,0.56
García, Jarlín,606424,2019,206,149,.216,.241,-0.025,.319,.399,-0.080,.259,.306,-0.047,3.02,4.20,-1.18
Roe, Chaz,475054,2019,229,132,.251,.233,0.018,.349,.344,0.005,.308,.306,0.002,4.06,4.20,-0.14
Carasiti, Matt,571539,2019,43,28,.297,.226,0.071,.514,.391,0.123,.369,.306,0.063,4.66,4.20,0.46
Rosscup, Zac,573127,2019,94,49,.293,.198,0.095,.427,.297,0.130,.377,.306,0.071,5.00,4.20,0.80
Fry, Paul,643316,2019,255,165,.247,.227,0.020,.402,.351,0.051,.326,.306,0.020,5.34,4.20,1.14
Hudson, Daniel,543339,2019,304,202,.210,.221,-0.011,.363,.421,-0.058,.277,.305,-0.028,2.47,4.17,-1.70
González, Gio,461829,2019,366,251,.234,.232,0.002,.397,.392,0.005,.304,.305,-0.001,3.50,4.17,-0.67
Hughes, Jared,453172,2019,289,206,.224,.233,-0.009,.424,.387,0.037,.306,.305,0.001,4.04,4.17,-0.13
Musgrove, Joe,605397,2019,718,512,.254,.247,0.007,.437,.420,0.017,.309,.305,0.004,4.44,4.17,0.27
Peralta, Freddy,642547,2019,382,228,.257,.221,0.036,.457,.410,0.047,.333,.305,0.028,5.29,4.17,1.12
Lucas, Josh,572998,2019,69,46,.237,.237,0.000,.373,.377,-0.004,.288,.305,-0.017,5.74,4.17,1.57
Newcomb, Sean,656794,2019,293,196,.236,.240,-0.004,.375,.378,-0.003,.299,.304,-0.005,3.16,4.14,-0.98
Liriano, Francisco,434538,2019,301,200,.232,.221,0.011,.382,.367,0.015,.307,.304,0.003,3.47,4.14,-0.67
Chafin, Andrew,605177,2019,225,137,.257,.241,0.016,.366,.387,-0.021,.301,.304,-0.003,3.76,4.14,-0.38
Givens, Mychal,571710,2019,260,146,.213,.217,-0.004,.426,.415,0.011,.303,.304,-0.001,4.57,4.14,0.43
Milone, Tommy,543548,2019,453,334,.241,.233,0.008,.485,.449,0.036,.313,.304,0.009,4.76,4.14,0.62
Pérez, Martín,527048,2019,737,532,.279,.242,0.037,.439,.382,0.057,.334,.304,0.030,5.12,4.14,0.98
Albers, Matt,458006,2019,258,169,.239,.230,0.009,.396,.374,0.022,.311,.304,0.007,5.13,4.14,0.99
Stratton, Chris,608717,2019,344,242,.300,.246,0.054,.506,.382,0.124,.366,.304,0.062,5.57,4.14,1.43
Suárez, Ranger,624133,2019,205,150,.278,.262,0.016,.417,.403,0.014,.310,.303,0.007,3.14,4.11,-0.97
Pineda, Michael,501381,2019,600,427,.253,.243,0.010,.430,.430,0.000,.301,.303,-0.002,4.01,4.11,-0.10
Doolittle, Sean,448281,2019,260,177,.260,.230,0.030,.463,.443,0.020,.321,.303,0.018,4.05,4.11,-0.06
Peacock, Brad,502748,2019,383,251,.227,.221,0.006,.427,.408,0.019,.306,.303,0.003,4.12,4.11,0.01
Lyles, Jordan,543475,2019,599,397,.243,.225,0.018,.454,.412,0.042,.321,.303,0.018,4.15,4.11,0.04
Olson, Tyler,621397,2019,140,94,.281,.225,0.056,.438,.364,0.074,.343,.303,0.040,4.40,4.11,0.29
Weber, Ryan,543901,2019,181,141,.284,.254,0.030,.462,.408,0.054,.333,.303,0.030,5.09,4.11,0.98
Berríos, José,621244,2019,842,587,.251,.242,0.009,.404,.414,-0.010,.300,.302,-0.002,3.68,4.08,-0.40
Estévez, Carlos,608032,2019,308,203,.250,.237,0.013,.450,.418,0.032,.316,.302,0.014,3.75,4.08,-0.33
Guerra, Javy,457915,2019,287,212,.251,.243,0.008,.427,.435,-0.008,.301,.302,-0.001,4.66,4.08,0.58
Corbin, Patrick,571578,2019,835,524,.227,.224,0.003,.375,.410,-0.035,.285,.301,-0.016,3.25,4.05,-0.80
May, Dustin,669160,2019,141,100,.250,.251,-0.001,.341,.396,-0.055,.278,.301,-0.023,3.63,4.05,-0.42
Gonzales, Marco,594835,2019,866,657,.264,.245,0.019,.422,.394,0.028,.311,.301,0.010,3.99,4.05,-0.06
Eflin, Zach,621107,2019,705,522,.268,.241,0.027,.452,.408,0.044,.325,.301,0.024,4.13,4.05,0.08
Gaviglio, Sam,543208,2019,392,278,.235,.231,0.004,.434,.427,0.007,.300,.301,-0.001,4.61,4.05,0.56
Strop, Pedro,467008,2019,178,104,.217,.199,0.018,.408,.389,0.019,.314,.301,0.013,4.97,4.05,0.92
Mahle, Tyler,641816,2019,556,387,.266,.239,0.027,.457,.410,0.047,.326,.301,0.025,5.14,4.05,1.09
Soroka, Mike,647336,2019,701,510,.236,.253,-0.017,.340,.384,-0.044,.272,.300,-0.028,2.68,4.03,-1.35
Means, John,607644,2019,637,472,.234,.234,0.000,.417,.415,0.002,.295,.300,-0.005,3.60,4.03,-0.43
Rodríguez, Richard,593144,2019,285,197,.252,.231,0.021,.434,.408,0.026,.314,.300,0.014,3.72,4.03,-0.31
Font, Wilmer,521655,2019,356,229,.242,.222,0.020,.488,.413,0.075,.329,.300,0.029,4.48,4.03,0.45
Anderson, Justin,605121,2019,217,124,.232,.200,0.032,.431,.338,0.093,.333,.300,0.033,5.55,4.03,1.52
Jones, Nate,518858,2019,47,29,.256,.226,0.030,.410,.299,0.111,.341,.299,0.042,3.48,4.00,-0.52
Odorizzi, Jake,543606,2019,658,423,.234,.229,0.005,.371,.398,-0.027,.289,.299,-0.010,3.51,4.00,-0.49
Rondón, Héctor,444468,2019,257,185,.242,.225,0.017,.442,.385,0.057,.319,.299,0.020,3.71,4.00,-0.29
Lamet, Dinelson,659275,2019,313,173,.226,.218,0.008,.409,.384,0.025,.308,.299,0.009,4.07,4.00,0.07
Pruitt, Austin,643493,2019,193,142,.266,.251,0.015,.452,.410,0.042,.314,.299,0.015,4.40,4.00,0.40
Crick, Kyle,605195,2019,226,123,.224,.175,0.049,.432,.336,0.096,.345,.299,0.046,4.96,4.00,0.96
Wingenter, Trey,622259,2019,218,113,.187,.196,-0.009,.324,.330,-0.006,.282,.299,-0.017,5.65,4.00,1.65
Sadler, Casey,594987,2019,194,146,.236,.247,-0.011,.362,.374,-0.012,.284,.298,-0.014,2.14,3.97,-1.83
Greene, Shane,572888,2019,252,168,.200,.226,-0.026,.335,.411,-0.076,.257,.298,-0.041,2.30,3.97,-1.67
Baez, Michel,673258,2019,131,86,.223,.223,0.000,.366,.359,0.007,.295,.298,-0.003,3.03,3.97,-0.94
Canning, Griffin,656288,2019,384,250,.235,.216,0.019,.431,.399,0.032,.312,.298,0.014,4.58,3.97,0.61
Dunn, Mike,445197,2019,75,54,.262,.222,0.040,.523,.415,0.108,.332,.298,0.034,7.13,3.97,3.16
Marshall, Evan,605359,2019,209,144,.228,.223,0.005,.353,.373,-0.020,.289,.297,-0.008,2.49,3.94,-1.45
Wood, Hunter,621056,2019,195,143,.256,.247,0.009,.417,.392,0.025,.302,.297,0.005,2.98,3.94,-0.96
Gott, Trevor,641627,2019,214,138,.216,.224,-0.008,.316,.396,-0.080,.261,.297,-0.036,4.44,3.94,0.50
Devenski, Chris,606965,2019,298,202,.256,.225,0.031,.470,.402,0.068,.327,.297,0.030,4.83,3.94,0.89
Smith, Josh D.,605479,2019,64,36,.224,.175,0.049,.347,.303,0.044,.322,.297,0.025,6.39,3.94,2.45
Minor, Mike,501985,2019,863,588,.244,.226,0.018,.395,.386,0.009,.301,.296,0.005,3.59,3.91,-0.32
Bassitt, Chris,605135,2019,612,411,.229,.226,0.003,.394,.379,0.015,.299,.296,0.003,3.81,3.91,-0.10
Urquidy, José,664353,2019,167,120,.241,.233,0.008,.405,.435,-0.030,.285,.296,-0.011,3.95,3.91,0.04
Wheeler, Zack,554430,2019,828,580,.258,.243,0.015,.391,.391,0.000,.293,.296,-0.003,3.96,3.91,0.05
Wisler, Matt,605538,2019,224,145,.272,.234,0.038,.490,.391,0.099,.339,.296,0.043,5.61,3.91,1.70
Walker, Jeremy,668683,2019,38,28,.265,.248,0.017,.353,.321,0.032,.306,.295,0.011,1.93,3.88,-1.95
Moronta, Reyes,606625,2019,246,140,.197,.193,0.004,.298,.352,-0.054,.276,.295,-0.019,2.86,3.88,-1.02
Muñoz, Andrés,662253,2019,97,56,.188,.209,-0.021,.329,.373,-0.044,.268,.295,-0.027,3.91,3.88,0.03
Darvish, Yu,506433,2019,731,435,.213,.221,-0.008,.411,.396,0.015,.294,.295,-0.001,3.98,3.88,0.10
Green, Chad,643338,2019,295,172,.247,.219,0.028,.427,.401,0.026,.311,.295,0.016,4.17,3.88,0.29
Cisnero, José,542585,2019,162,100,.257,.215,0.042,.449,.355,0.094,.336,.295,0.041,4.33,3.88,0.45
Jiménez, Joe,641729,2019,257,148,.243,.206,0.037,.474,.400,0.074,.334,.295,0.039,4.37,3.88,0.49
McCarthy, Kevin,641838,2019,268,207,.285,.250,0.035,.414,.380,0.034,.315,.295,0.020,4.48,3.88,0.60
Castro, Miguel,612434,2019,319,207,.232,.213,0.019,.386,.358,0.028,.303,.295,0.008,4.66,3.88,0.78
Helsley, Ryan,664854,2019,153,109,.245,.236,0.009,.432,.399,0.033,.304,.294,0.010,2.95,3.86,-0.91
Claudio, Alex,592222,2019,267,193,.246,.226,0.020,.422,.338,0.084,.316,.294,0.022,4.06,3.86,0.20
Barlow, Scott,605130,2019,310,178,.240,.215,0.025,.397,.351,0.046,.314,.294,0.020,4.22,3.86,0.36
Holland, Greg,518813,2019,152,87,.198,.191,0.007,.365,.347,0.018,.296,.294,0.002,4.54,3.86,0.68
Underwood Jr., Duane,621249,2019,51,34,.277,.229,0.048,.532,.392,0.140,.358,.294,0.064,5.40,3.86,1.54
Schreiber, John,670167,2019,59,35,.296,.227,0.069,.481,.384,0.097,.355,.294,0.061,6.23,3.86,2.37
Stashak, Cody,664054,2019,104,77,.287,.242,0.045,.475,.456,0.019,.320,.293,0.027,3.24,3.83,-0.59
Guerra, Junior,448855,2019,344,227,.194,.212,-0.018,.351,.369,-0.018,.275,.293,-0.018,3.55,3.83,-0.28
Miley, Wade,489119,2019,720,513,.254,.233,0.021,.406,.365,0.041,.310,.293,0.017,3.98,3.83,0.15
Burr, Ryan,621114,2019,86,58,.227,.212,0.015,.413,.352,0.061,.297,.293,0.004,4.58,3.83,0.75
Diekman, Jake,518617,2019,282,148,.215,.198,0.017,.316,.283,0.033,.303,.293,0.010,4.65,3.83,0.82
Hirano, Yoshihisa,673633,2019,233,147,.249,.215,0.034,.395,.378,0.017,.308,.293,0.015,4.75,3.83,0.92
Gonsolin, Tony,664062,2019,163,110,.178,.220,-0.042,.322,.372,-0.050,.252,.292,-0.040,2.93,3.80,-0.87
Gant, John,607231,2019,269,175,.217,.228,-0.011,.323,.321,0.002,.283,.292,-0.009,3.66,3.80,-0.14
Feliz, Michael,593140,2019,239,137,.212,.199,0.013,.413,.373,0.040,.306,.292,0.014,3.99,3.80,0.19
Fried, Max,608331,2019,702,477,.270,.242,0.028,.419,.373,0.046,.315,.292,0.023,4.02,3.80,0.22
Lucchesi, Joey,664192,2019,686,470,.233,.224,0.009,.405,.386,0.019,.298,.292,0.006,4.18,3.80,0.38
Hernandez, Elieser,622694,2019,353,233,.242,.209,0.033,.503,.389,0.114,.340,.292,0.048,5.03,3.80,1.23
Oberg, Scott,623184,2019,223,142,.196,.225,-0.029,.291,.366,-0.075,.249,.291,-0.042,2.25,3.77,-1.52
Gallen, Zac,668678,2019,334,198,.212,.213,-0.001,.355,.354,0.001,.287,.291,-0.004,2.81,3.77,-0.96
Williams, Devin,642207,2019,67,45,.310,.206,0.104,.500,.352,0.148,.380,.291,0.089,3.95,3.77,0.18
Rodón, Carlos,607074,2019,158,94,.239,.205,0.034,.391,.341,0.050,.307,.291,0.016,5.19,3.77,1.42
Dobnak, Randy,677976,2019,118,87,.245,.250,-0.005,.300,.358,-0.058,.264,.290,-0.026,1.59,3.75,-2.16
Ryan, Kyle,594986,2019,260,171,.243,.226,0.017,.341,.332,0.009,.290,.290,0.000,3.54,3.75,-0.21
Paxton, James,572020,2019,633,390,.242,.219,0.023,.423,.377,0.046,.310,.290,0.020,3.82,3.75,0.07
DeSclafani, Anthony,543101,2019,696,476,.238,.226,0.012,.422,.391,0.031,.300,.290,0.010,3.89,3.75,0.14
Díaz, Jairo,545064,2019,245,161,.251,.232,0.019,.430,.371,0.059,.315,.290,0.025,4.53,3.75,0.78
Sewald, Paul,623149,2019,80,54,.243,.229,0.014,.446,.399,0.047,.300,.290,0.010,4.58,3.75,0.83
Brice, Austin,592169,2019,199,128,.214,.215,-0.001,.364,.341,0.023,.292,.289,0.003,3.43,3.72,-0.29
Ponce de Leon, Daniel,594965,2019,203,123,.207,.204,0.003,.351,.351,0.000,.287,.289,-0.002,3.70,3.72,-0.02
Walden, Marcus,519393,2019,327,214,.213,.222,-0.009,.341,.333,0.008,.280,.289,-0.009,3.81,3.72,0.09
Andriese, Matt,542882,2019,310,200,.262,.224,0.038,.425,.378,0.047,.316,.289,0.027,4.71,3.72,0.99
Stroman, Marcus,573186,2019,774,555,.257,.238,0.019,.384,.365,0.019,.299,.288,0.011,3.22,3.69,-0.47
Bedrosian, Cam,592135,2019,258,169,.207,.213,-0.006,.336,.355,-0.019,.270,.288,-0.018,3.23,3.69,-0.46
Hendricks, Kyle,543294,2019,730,538,.249,.242,0.007,.397,.385,0.012,.290,.288,0.002,3.46,3.69,-0.23
Coonrod, Sam,656322,2019,114,75,.202,.182,0.020,.319,.322,-0.003,.294,.288,0.006,3.58,3.69,-0.11
Floro, Dylan,571670,2019,201,143,.253,.246,0.007,.374,.376,-0.002,.285,.288,-0.003,4.24,3.69,0.55
Boyd, Matthew,571510,2019,788,491,.247,.217,0.030,.465,.401,0.064,.319,.288,0.031,4.56,3.69,0.87
Kintzler, Brandon,445213,2019,227,162,.215,.230,-0.015,.359,.385,-0.026,.265,.287,-0.022,2.68,3.66,-0.98
Gsellman, Robert,607229,2019,277,188,.261,.227,0.034,.429,.346,0.083,.324,.287,0.037,4.66,3.66,1.00
Holder, Jonathan,656547,2019,181,122,.256,.226,0.030,.452,.399,0.053,.319,.287,0.032,6.31,3.66,2.65
Dayton, Grant,594795,2019,51,33,.255,.197,0.058,.511,.412,0.099,.343,.286,0.057,3.00,3.64,-0.64
Bieber, Shane,669456,2019,859,554,.230,.228,0.002,.393,.409,-0.016,.280,.286,-0.006,3.28,3.64,-0.36
Yarbrough, Ryan,642232,2019,563,416,.228,.246,-0.018,.383,.384,-0.001,.273,.286,-0.013,4.13,3.64,0.49
Trivino, Lou,642152,2019,269,178,.265,.213,0.052,.426,.334,0.092,.333,.286,0.047,5.25,3.64,1.61
Webb, Tyler,643778,2019,221,148,.172,.209,-0.037,.328,.359,-0.031,.252,.285,-0.033,3.76,3.61,0.15
Rodriguez, Eduardo,593958,2019,859,564,.253,.214,0.039,.391,.364,0.027,.307,.285,0.022,3.81,3.61,0.20
Grotz, Zac,665093,2019,73,46,.222,.237,-0.015,.270,.300,-0.030,.261,.285,-0.024,4.15,3.61,0.54
Brennan, Brandon,592165,2019,196,125,.201,.210,-0.009,.355,.357,-0.002,.274,.285,-0.011,4.56,3.61,0.95
Lovelady, Richard,663992,2019,96,70,.353,.239,0.114,.541,.336,0.205,.393,.285,0.108,7.65,3.61,4.04
Tuivailala, Sam,592815,2019,94,54,.163,.197,-0.034,.263,.328,-0.065,.246,.284,-0.038,2.35,3.58,-1.23
Martin, Chris,455119,2019,216,146,.249,.239,0.010,.411,.420,-0.009,.281,.284,-0.003,3.40,3.58,-0.18
Cessa, Luis,570666,2019,343,234,.246,.215,0.031,.433,.347,0.086,.316,.284,0.032,4.11,3.58,0.53
Bleier, Richard,542947,2019,235,193,.295,.250,0.045,.473,.378,0.095,.333,.284,0.049,5.37,3.58,1.79
Stammen, Craig,489334,2019,339,249,.251,.240,0.011,.433,.391,0.042,.298,.283,0.015,3.29,3.56,-0.27
Hand, Brad,543272,2019,242,136,.242,.224,0.018,.384,.376,0.008,.292,.283,0.009,3.30,3.56,-0.26
Clase, Emmanuel,661403,2019,94,66,.230,.235,-0.005,.391,.351,0.040,.289,.282,0.007,2.31,3.53,-1.22
Soria, Joakim,465657,2019,278,176,.202,.210,-0.008,.341,.380,-0.039,.261,.282,-0.021,4.30,3.53,0.77
Manaea, Sean,640455,2019,109,70,.160,.215,-0.055,.280,.366,-0.086,.224,.281,-0.057,1.21,3.51,-2.30
Webb, Jacob,657097,2019,131,90,.205,.208,-0.003,.376,.360,0.016,.284,.281,0.003,1.39,3.51,-2.12
Cordero, Jimmy,622772,2019,146,101,.197,.223,-0.026,.341,.335,0.006,.267,.281,-0.014,2.89,3.51,-0.62
Garrett, Amir,607237,2019,246,129,.213,.192,0.021,.357,.291,0.066,.307,.281,0.026,3.21,3.51,-0.30
Woodruff, Brandon,605540,2019,493,315,.240,.231,0.009,.357,.360,-0.003,.281,.281,-0.000,3.62,3.51,0.11
Montas, Frankie,593423,2019,394,264,.230,.233,-0.003,.364,.359,0.005,.276,.280,-0.004,2.63,3.48,-0.85
May, Trevor,543507,2019,266,158,.184,.195,-0.011,.316,.353,-0.037,.256,.280,-0.024,2.94,3.48,-0.54
Stripling, Ross,548389,2019,370,255,.244,.230,0.014,.413,.377,0.036,.294,.280,0.014,3.47,3.48,-0.01
Iglesias, Raisel,628452,2019,279,167,.240,.216,0.024,.441,.370,0.071,.307,.280,0.027,4.16,3.48,0.68
Kittredge, Andrew,552640,2019,210,138,.263,.226,0.037,.407,.367,0.040,.305,.280,0.025,4.17,3.48,0.69
Estrada, Marco,462136,2019,106,84,.242,.180,0.062,.537,.388,0.149,.354,.280,0.074,6.85,3.48,3.37
Kela, Keone,605309,2019,119,74,.178,.202,-0.024,.346,.356,-0.010,.262,.279,-0.017,2.12,3.45,-1.33
Greinke, Zack,425844,2019,810,589,.228,.235,-0.007,.364,.386,-0.022,.263,.279,-0.016,2.93,3.45,-0.52
Voth, Austin,608723,2019,174,114,.213,.216,-0.003,.394,.365,0.029,.282,.279,0.003,3.30,3.45,-0.15
Giolito, Lucas,608337,2019,705,416,.205,.211,-0.006,.373,.362,0.011,.275,.279,-0.004,3.41,3.45,-0.04
Sale, Chris,519242,2019,612,344,.221,.210,0.011,.412,.373,0.039,.294,.279,0.015,4.40,3.45,0.95
Civale, Aaron,650644,2019,227,164,.216,.231,-0.015,.368,.346,0.022,.269,.278,-0.009,2.34,3.43,-1.09
Wick, Rowan,592858,2019,140,86,.183,.193,-0.010,.233,.319,-0.086,.244,.278,-0.034,2.43,3.43,-1.00
Paddack, Chris,663978,2019,568,378,.204,.216,-0.012,.380,.384,-0.004,.268,.278,-0.010,3.33,3.43,-0.10
Houser, Adrian,605288,2019,462,303,.244,.217,0.027,.399,.343,0.056,.302,.278,0.024,3.72,3.43,0.29
Boshers, Buddy,542953,2019,91,54,.253,.204,0.049,.430,.315,0.115,.333,.278,0.055,4.05,3.43,0.62
Ryu, Hyun Jin,547943,2019,723,532,.234,.245,-0.011,.359,.365,-0.006,.263,.277,-0.014,2.32,3.40,-1.08
Gray, Sonny,543243,2019,708,428,.196,.201,-0.005,.325,.340,-0.015,.265,.277,-0.012,2.87,3.40,-0.53
Syndergaard, Noah,592789,2019,825,567,.256,.228,0.028,.410,.362,0.048,.302,.277,0.025,4.28,3.40,0.88
Lynn, Lance,458681,2019,875,562,.243,.215,0.028,.390,.361,0.029,.294,.276,0.018,3.67,3.38,0.29
Ramirez, Noé,598287,2019,280,176,.232,.206,0.026,.398,.355,0.043,.297,.276,0.021,3.99,3.38,0.61
Pazos, James,572021,2019,39,25,.200,.215,-0.015,.314,.353,-0.039,.252,.275,-0.023,1.74,3.35,-1.61
Flaherty, Jack,656427,2019,772,479,.192,.212,-0.020,.335,.362,-0.027,.254,.275,-0.021,2.75,3.35,-0.60
Kershaw, Clayton,477132,2019,706,473,.222,.219,0.003,.394,.375,0.019,.280,.275,0.005,3.03,3.35,-0.32
Yardley, Eric,642233,2019,52,41,.261,.227,0.034,.348,.320,0.028,.293,.274,0.019,2.31,3.33,-1.02
Buehler, Walker,621111,2019,737,478,.223,.225,-0.002,.368,.366,0.002,.270,.274,-0.004,3.26,3.33,-0.07
Cole, A.J.,595918,2019,118,80,.290,.222,0.068,.486,.368,0.118,.341,.274,0.067,3.81,3.33,0.48
Kelly, Joe,523260,2019,226,139,.244,.204,0.040,.383,.327,0.056,.306,.274,0.032,4.56,3.33,1.23
Wilson, Justin,458677,2019,166,101,.228,.200,0.028,.345,.304,0.041,.294,.273,0.021,2.54,3.30,-0.76
Morton, Charlie,450203,2019,790,481,.215,.214,0.001,.340,.334,0.006,.270,.273,-0.003,3.05,3.30,-0.25
Martínez, Carlos,593372,2019,200,126,.220,.205,0.015,.288,.328,-0.040,.263,.273,-0.010,3.17,3.30,-0.13
Kolarek, Adam,592473,2019,229,165,.229,.219,0.010,.376,.351,0.025,.280,.273,0.007,3.27,3.30,-0.03
Dyson, Sam,473879,2019,249,178,.230,.219,0.011,.357,.359,-0.002,.274,.273,0.001,3.32,3.30,0.02
Castillo, Luis,622491,2019,781,469,.202,.199,0.003,.343,.320,0.023,.277,.273,0.004,3.40,3.30,0.10
Melancon, Mark,453343,2019,284,196,.270,.239,0.031,.357,.333,0.024,.292,.273,0.019,3.61,3.30,0.31
Díaz, Edwin,621242,2019,254,129,.258,.198,0.060,.502,.357,0.145,.344,.273,0.071,5.59,3.30,2.29
Domínguez, Seranthony,622554,2019,110,68,.250,.201,0.049,.385,.301,0.084,.316,.272,0.044,4.01,3.28,0.73
Maeda, Kenta,628317,2019,624,400,.202,.212,-0.010,.371,.340,0.031,.274,.272,0.002,4.04,3.28,0.76
Kennedy, Ian,453178,2019,266,175,.261,.215,0.046,.363,.362,0.001,.291,.271,0.020,3.41,3.25,0.16
Chargois, JT,608638,2019,88,53,.273,.217,0.056,.506,.388,0.118,.327,.271,0.056,6.33,3.25,3.08
Adam, Jason,592094,2019,91,60,.200,.187,0.013,.293,.306,-0.013,.265,.270,-0.005,2.91,3.23,-0.32
Drake, Oliver,543118,2019,219,129,.181,.197,-0.016,.357,.352,0.005,.261,.270,-0.009,3.21,3.23,-0.02
Sims, Lucas,608371,2019,177,99,.201,.175,0.026,.416,.340,0.076,.302,.270,0.032,4.60,3.23,1.37
Britton, Zack,502154,2019,245,159,.182,.190,-0.008,.254,.291,-0.037,.249,.269,-0.020,1.91,3.20,-1.29
Brebbia, John,605154,2019,304,187,.216,.199,0.017,.333,.340,-0.007,.271,.269,0.002,3.59,3.20,0.39
Kuhnel, Joel,669270,2019,42,28,.216,.195,0.021,.324,.306,0.018,.282,.269,0.013,4.66,3.20,1.46
Urías, Julio,628711,2019,326,209,.201,.207,-0.006,.324,.323,0.001,.263,.268,-0.005,2.49,3.18,-0.69
Armenteros, Rogelio,660494,2019,75,52,.243,.237,0.006,.314,.322,-0.008,.267,.268,-0.001,4.00,3.18,0.82
Hernandez, Darwinzon,650382,2019,147,61,.231,.161,0.070,.342,.225,0.117,.327,.268,0.059,4.45,3.18,1.27
Petit, Yusmeiro,433589,2019,308,227,.194,.209,-0.015,.361,.393,-0.032,.240,.267,-0.027,2.71,3.15,-0.44
Clevinger, Mike,605182,2019,499,291,.209,.206,0.003,.331,.344,-0.013,.261,.267,-0.006,2.71,3.15,-0.44
Smith, Will,519293,2019,257,140,.196,.206,-0.010,.357,.350,0.007,.261,.267,-0.006,2.76,3.15,-0.39
Neris, Héctor,593576,2019,275,156,.186,.188,-0.002,.339,.326,0.013,.265,.267,-0.002,2.93,3.15,-0.22
Romo, Sergio,489265,2019,249,170,.221,.204,0.017,.372,.364,0.008,.271,.267,0.004,3.43,3.15,0.28
Pérez, Oliver,424144,2019,173,110,.242,.213,0.029,.427,.339,0.088,.306,.267,0.039,3.98,3.15,0.83
Harris, Will,501789,2019,229,153,.196,.213,-0.017,.294,.351,-0.057,.235,.266,-0.031,1.50,3.13,-1.63
Kahnle, Tommy,592454,2019,248,138,.200,.200,0.000,.364,.335,0.029,.272,.266,0.006,3.67,3.13,0.54
Adams, Austin,613534,2019,130,60,.179,.174,0.005,.330,.310,0.020,.271,.266,0.005,3.94,3.13,0.81
Lorenzen, Michael,547179,2019,343,228,.221,.207,0.014,.355,.323,0.032,.277,.265,0.012,2.92,3.11,-0.19
Hale, David,571735,2019,157,126,.264,.238,0.026,.412,.337,0.075,.297,.265,0.032,3.11,3.11,0.00
Barnes, Matt,598264,2019,285,134,.210,.181,0.029,.346,.294,0.052,.291,.265,0.026,3.78,3.11,0.67
Ottavino, Adam,493603,2019,283,152,.198,.175,0.023,.308,.280,0.028,.275,.264,0.011,1.90,3.08,-1.18
Farrell, Luke,608652,2019,48,33,.136,.166,-0.030,.386,.416,-0.030,.232,.264,-0.032,2.70,3.08,-0.38
Strasburg, Stephen,544931,2019,841,524,.210,.208,0.002,.349,.334,0.015,.265,.264,0.001,3.32,3.08,0.24
Castillo, Diego,650895,2019,290,178,.230,.194,0.036,.374,.320,0.054,.292,.264,0.028,3.41,3.08,0.33
Snell, Blake,605483,2019,441,253,.241,.201,0.040,.391,.322,0.069,.301,.263,0.038,4.29,3.06,1.23
Graterol, Brusdar,660813,2019,40,27,.278,.231,0.047,.389,.327,0.062,.295,.263,0.032,4.66,3.06,1.60
James, Josh,657624,2019,266,127,.203,.168,0.035,.374,.280,0.094,.304,.263,0.041,4.70,3.06,1.64
Ginkel, Kevin,656464,2019,96,58,.174,.200,-0.026,.279,.323,-0.044,.234,.262,-0.028,1.48,3.04,-1.56
Taylor, Josh,657031,2019,194,114,.229,.198,0.031,.343,.323,0.020,.278,.261,0.017,3.04,3.01,0.03
Poche, Colin,621363,2019,207,111,.181,.169,0.012,.374,.331,0.043,.278,.261,0.017,4.70,3.01,1.69
Reyes, Gerardo,622103,2019,117,65,.240,.183,0.057,.410,.330,0.080,.312,.261,0.051,7.62,3.01,4.61
Vázquez, Felipe,553878,2019,236,129,.197,.202,-0.005,.317,.339,-0.022,.247,.260,-0.013,1.65,2.99,-1.34
Morgan, Adam,605388,2019,120,78,.187,.185,0.002,.346,.322,0.024,.267,.260,0.007,3.94,2.99,0.95
Hill, Rich,448179,2019,242,148,.223,.195,0.028,.395,.319,0.076,.291,.259,0.032,2.45,2.97,-0.52
Hill, Tim,657612,2019,161,105,.217,.194,0.023,.336,.312,0.024,.275,.259,0.016,3.63,2.97,0.66
Anderson, Nick,623433,2019,264,134,.214,.194,0.020,.374,.355,0.019,.269,.258,0.011,3.32,2.94,0.38
García, Yimi,554340,2019,247,161,.178,.181,-0.003,.427,.365,0.062,.275,.258,0.017,3.61,2.94,0.67
Jackson, Luke,592426,2019,315,181,.266,.195,0.071,.402,.335,0.067,.311,.258,0.053,3.84,2.94,0.90
Leclerc, José,600917,2019,299,154,.209,.163,0.046,.373,.264,0.109,.306,.258,0.048,4.33,2.94,1.39
Workman, Brandon,519443,2019,286,135,.123,.173,-0.050,.166,.232,-0.066,.208,.257,-0.049,1.88,2.92,-1.04
Chapman, Aroldis,547973,2019,235,123,.185,.191,-0.006,.263,.275,-0.012,.241,.257,-0.016,2.21,2.92,-0.71
Osuna, Roberto,532077,2019,253,166,.190,.205,-0.015,.321,.347,-0.026,.237,.257,-0.020,2.63,2.92,-0.29
Clippard, Tyler,461325,2019,241,155,.176,.176,0.000,.356,.342,0.014,.260,.257,0.003,2.90,2.92,-0.02
Jansen, Kenley,445276,2019,263,163,.213,.200,0.013,.383,.334,0.049,.277,.256,0.021,3.71,2.90,0.81
Schlitter, Brian,489295,2019,41,31,.324,.200,0.124,.405,.280,0.125,.347,.256,0.091,3.72,2.90,0.82
Goody, Nick,580792,2019,173,101,.201,.175,0.026,.389,.289,0.100,.293,.255,0.038,3.54,2.87,0.67
Bowman, Matt,621199,2019,137,99,.221,.219,0.002,.336,.297,0.039,.263,.255,0.008,3.66,2.87,0.79
Duffey, Tyler,608648,2019,238,138,.201,.191,0.010,.338,.340,-0.002,.254,.253,0.001,2.50,2.83,-0.33
Scherzer, Max,453286,2019,693,409,.222,.201,0.021,.371,.334,0.037,.269,.253,0.016,2.92,2.83,0.09
Smith, Joe,501925,2019,96,69,.209,.206,0.003,.319,.331,-0.012,.245,.251,-0.006,1.80,2.78,-0.98
Gallegos, Giovanny,606149,2019,279,167,.170,.187,-0.017,.320,.344,-0.024,.230,.251,-0.021,2.31,2.78,-0.47
Robles, Hansel,570663,2019,283,192,.221,.205,0.016,.332,.337,-0.005,.254,.251,0.003,2.48,2.78,-0.30
Stephenson, Robert,596112,2019,262,156,.182,.191,-0.009,.377,.312,0.065,.261,.250,0.011,3.76,2.76,1.00
Altavilla, Dan,656186,2019,64,34,.180,.133,0.047,.280,.232,0.048,.277,.250,0.027,5.52,2.76,2.76
Keller, Mitch,656605,2019,227,145,.348,.202,0.146,.546,.296,0.250,.392,.247,0.145,7.13,2.70,4.43
Báez, Pedro,520980,2019,276,180,.174,.178,-0.004,.287,.295,-0.008,.239,.245,-0.006,3.10,2.65,0.45
Giles, Ken,571704,2019,208,108,.188,.179,0.009,.319,.314,0.005,.247,.244,0.003,1.87,2.63,-0.76
Abad, Fernando,472551,2019,49,37,.196,.196,0.000,.326,.308,0.018,.246,.244,0.002,4.15,2.63,1.52
deGrom, Jacob,594798,2019,804,498,.207,.194,0.013,.323,.309,0.014,.250,.242,0.008,2.43,2.59,-0.16
Pressly, Ryan,519151,2019,211,126,.188,.195,-0.007,.310,.317,-0.007,.232,.241,-0.009,2.32,2.57,-0.25
Bummer, Aaron,607481,2019,262,175,.184,.182,0.002,.252,.257,-0.005,.233,.239,-0.006,2.13,2.53,-0.40
Verlander, Justin,434378,2019,847,499,.172,.178,-0.006,.361,.331,0.030,.242,.238,0.004,2.58,2.50,0.08
Lugo, Seth,607625,2019,314,189,.192,.184,0.008,.316,.319,-0.003,.237,.236,0.001,2.70,2.46,0.24
Cole, Gerrit,543037,2019,817,440,.186,.179,0.007,.343,.314,0.029,.246,.235,0.011,2.50,2.44,0.06
Rogers, Taylor,573124,2019,278,171,.225,.177,0.048,.353,.303,0.050,.266,.229,0.037,2.61,2.32,0.29
Wendelken, J.B.,605525,2019,131,86,.178,.173,0.005,.297,.282,0.015,.230,.229,0.001,3.58,2.32,1.26
Luzardo, Jesús,666200,2019,46,26,.119,.147,-0.028,.238,.292,-0.054,.194,.228,-0.034,1.50,2.30,-0.80
Glasnow, Tyler,607192,2019,230,140,.186,.174,0.012,.274,.290,-0.016,.222,.228,-0.006,1.78,2.30,-0.52
Hader, Josh,623352,2019,289,127,.155,.148,0.007,.366,.311,0.055,.247,.227,0.020,2.62,2.28,0.34
Puk, A.J.,640462,2019,47,29,.238,.175,0.063,.333,.224,0.109,.289,.227,0.062,3.18,2.28,0.90
Hendriks, Liam,521230,2019,332,185,.201,.181,0.020,.309,.299,0.010,.237,.226,0.011,1.80,2.26,-0.46
Hicks, Jordan,663855,2019,110,67,.163,.151,0.012,.255,.240,0.015,.231,.224,0.007,3.14,2.23,0.91
Suter, Brent,608718,2019,65,49,.156,.201,-0.045,.266,.305,-0.039,.182,.223,-0.041,0.49,2.21,-1.72
Yates, Kirby,489446,2019,243,122,.186,.171,0.015,.262,.260,0.002,.228,.222,0.006,1.19,2.19,-1.00
Pagán, Emilio,641941,2019,267,157,.179,.173,0.006,.369,.305,0.064,.244,.222,0.022,2.31,2.19,0.12
Rogers, Tyler,643511,2019,70,50,.185,.177,0.008,.231,.229,0.002,.207,.207,-0.000,1.02,1.91,-0.89